Mean Results for prediction_err on 50 test samples on 2,20,40,60 training set. 
====================================================
GCC
====================================================
correlation:
-——————————————Predictionerror-——————————————
CompTuner:[0.06804 0.05692 0.05663 0.04226 0.03179 0.03051 0.01487]
CompTuner_high:[0.06723	0.07189	0.06226	0.06603	0.05301	0.04227	0.01913]
BOCA: [0.07026	0.06173	0.05996	0.05842	0.03662	0.03984	0.01108]

covariane:
-——————————————Predictionerror-——————————————
CompTuner:[0.07804 0.06980 0.05435 0.04972 0.03653 0.02115 0.01642]
CompTuner_high:[0.07852	0.06864	0.05683	0.06973	0.04175	0.02598	0.01994]
BOCA: [0.07994	0.06733	0.07014	0.06479	0.04465	0.02698	0.02144 ]

symm:
-——————————————Predictionerror-——————————————
CompTuner:[0.08971 0.08403 0.06633 0.05472 0.05236 0.04699 0.04307]
CompTuner_high:[0.09740	0.09454	0.08915	0.08117	0.08241	0.07914	0.06377]
BOCA: [0.08163	0.08287	0.08290	0.08572	0.08621	0.07474	0.06310]

automotive_bitcount:
-——————————————Predictionerror-——————————————
CompTuner:[0.09148 0.08982 0.07031 0.05659 0.04529 0.02961 0.01872]
CompTuner_high:[0.09065	0.08993	0.06957	0.06659	0.05752	0.04271	0.02163]
BOCA: [0.09173	0.08554	0.06973	0.05476	0.05629	0.03972	0.02483]

automotive_susan_e:
-——————————————Predictionerror-——————————————
CompTuner:[0.08859 0.07535 0.06683 0.04982 0.03058 0.02183 0.02084]
CompTuner_high:[0.08697	0.07958	0.06242	0.04679	0.04403	0.02792	0.02185]
BOCA: [0.08454	0.07638	0.05951	0.04762	0.03392	0.02175	0.01959]

automotive_susan_c:
-——————————————Predictionerror-——————————————
CompTuner:[0.08639 0.07143 0.04882 0.04163 0.03362 0.02539 0.01767]
CompTuner_high:[0.08575	0.07058	0.05374	0.04858	0.03696	0.02343	0.01957]
BOCA: [0.08262	0.06517	0.04995	0.04783	0.03575	0.02795	0.02063]