Results for compiler auto-tuning. The order is speedup effect and time consumption(second)
====================================================
GCC
====================================================
PolyBench:
----------------------------------------------------
correlation:
CompTuner	1.03512	1.0416	1.0779	1.08027	1.06642
		3510	3469	3107	4090	3219
RIO		1.03092	1.0361	1.04012	1.02919	1.03842
		1954	2969	3694	2120	3195
GA		1.02889	1.02964	1.03329	1.02997	1.03146
		3625	3996	3547	4223	4010
TPE		1.04252	1.04573	1.05229	1.04671	1.04782
		2952	4149	3035	3915	3992
BOCA		1.02248	1.031	1.03208	1.05235	1.04921
		1764	3055	2372	4122	3518
OpenTuner   1.01574 1.00936 0.98762 0.97794 1.00837
		3786	4013	3997	3182	4175

covariane:
CompTuner	1.02618	1.06911	1.0805	1.03512	1.07029
		2619	5240	4067	2105	4226
RIO		1.03776	1.04398	1.04866	1.04293	1.03257
		1095	1972	3107	3395	2074
GA		1.02603	1.05822	1.06924	1.04553	1.03962
		3697	2752	3315	3092	2594
TPE		1.04532	1.06627	1.06821	1.05913	1.04224
		1940	3473	2519	3693	4402
BOCA		1.01911	1.02324	1.03415	1.04249	1.05575
		1905	1624	3208	3196	2685
OpenTuner   0.98674 0.99573 1.03659 1.01743 1.03107
		3852	4417	4659	2980	3068

symm:
CompTuner	1.01087	1.03464	1.04218	1.03152	1.04413
		2029	1892	2573	2875	2217
RIO		1.02893	1.03271	1.04021	1.02124	1.04872
		975	3014	4172	2515	2998
GA		1.02859	1.03565	1.03872	1.03414	1.03629
		1796	2153	2240	3329	2004
TPE		1.02521	1.03329	1.04672	1.03929	1.04015
		2115	1320	3775	2328	1982
BOCA		1.01784	1.03601	1.07569	1.04916	1.05662
		1668	1794	1923	2989	2357
OpenTuner   1.00679 1.01085 0.99683 1.0274 1.03375
		3018	3347	2595	3051	3123

2mm:
CompTuner	1.03815	1.04157	1.07147	1.06603	1.05915
		2517	4427	3720	3050	2892
RIO		1.02472	1.05287	1.04088	1.03275	1.02231
		1874	5913	4872	2308	2664
GA		1.03291	1.03572	1.03674	1.03114	1.03639
		2029	3638	3007	3595	3318
TPE		1.03692	1.03927	1.07231	1.05516	1.03827
		2796	3240	3112	2520	3027
BOCA		1.0354	1.04527	1.07356	1.06019	1.03321
		2263	4979	3726	2114	2652
OpenTuner   0.98571 1.03247 1.07513 0.96854 1.04105
		3018	3347	4591	3051	3123

3mm:
CompTuner	1.02415	1.0256	1.04133	1.03929	1.03001
		3242	5170	2976	3010	4129
RIO		1.01654	1.02148	1.02449	1.02652	1.01973
		4415	3874	4059	2241	4921
GA		1.01442	1.02206	1.04215	1.02771	1.02953
		2135	2764	3160	3392	1983
TPE		1.01055	1.02362	1.03265	1.03121	1.04015
		4136	4596	3882	4010	4427
BOCA		1.03023	1.03599	1.04646	1.03242	1.04417
		4120	6427	3639	4251	4996
OpenTuner   1.00871 1.00965 1.01134 1.02654 1.02105
		4377	3892	4171	4453	3942

cholesky:
CompTuner	1.01154	1.02115	1.01313	1.02392	1.01959
		3975	5264	4726	4508	3872
RIO		1.00839	1.01996	1.01629	1.02017	1.01005
		2596	3376	3018	5225	1992
GA		1.00629	1.01243	1.01892	1.01903	1.0176
		3279	4468	3862	4995	4071
TPE		1.00928	1.01225	1.01215	1.01892	1.01665
		4105	3726	6092	4115	4273
BOCA		1.00712	1.01858	1.01927	1.02679	1.01535
		2997	4282	4971	3874	3662
OpenTuner   1.00743 1.01505 1.01172 1.00976 1.01264
		4578	4919	5007	4864	4902

lu:
CompTuner	1.00664	1.02485	1.07275	1.04691	1.06326
		4726	5893	5549	5156	5427
RIO		1.00272	1.01075	1.04071	1.03382	1.02915
		5172	3905	6018	4417	3651
GA		1.01245	1.02642	1.02968	1.02762	1.03365
		4835	6045	5103	4392	5716
TPE		1.01325	1.02963	1.04221	1.03951	1.04092
		6085	6274	5932	5989	5940
BOCA		1.01174	1.01823	1.02142	1.03399	1.03172
		3872	4795	5714	5183	5521
OpenTuner   1.00824 1.01644 1.07511 1.03884 1.04051
		5541	6726	6792	4938	6697

nussinov:
CompTuner	1.01332	1.02105	1.02914	1.03114	1.02583
		3015	4712	3691	3362	3719
RIO		1.01613	1.01708	1.02993	1.02242	1.01802
		3997	2128	3264	2541	4050
GA		1.00672	1.01423	1.01846	1.01326	1.02015
		4172	3584	3627	3325	4313
TPE		1.00352	1.01485	1.01894	1.02054	1.1757
		3653	3892	4016	4251	4115
BOCA		1.02625	1.02407	1.03006	1.02875	1.02992
		4413	5371	4082	3992	3501
OpenTuner   1.00386 1.07884 1.03305 1.01793 1.01464
		4228	5411	4970	3909	4224

heat-3d:
CompTuner	0.99459	1.02031	1.02502	1.02613	1.01892
		3302	3894	2976	3295	3652
RIO		1.00524	1.01394	1.01662	1.01553	1.01526
		1968	4072	3179	2015	3395
GA		1.01576	1.02394	1.02429	1.02242	1.02398
		2827	3992	3684	4153	4552
TPE		1.00925	1.03268	1.02706	1.02803	1.02117
		4162	5549	2637	3919	4558
BOCA		1.01416	1.01756	1.02808	1.02442	1.02519
		3075	2652	3420	3152	4297
OpenTuner   1.00167 1.02422 1.00959 1.01625 0.98649
		3958	5742	4130	4574	4418

jacobi-2d:
CompTuner	1.04935	1.05322	1.05526	1.04782	1.04665
		3258	2674	2192	3018	2591
RIO		1.01244	1.01844	1.03529	1.02916	1.01752
		1726	2204	2931	2376	3010
GA		1.00875	1.01102	1.01964	1.01638	1.03892
		2973	2805	3126	2431	3350
TPE		1.00142	1.03276	1.01428	1.04013	1.03971
		3102	3325	2754	2983	3129
BOCA		0.99457	1.01699	1.05522	1.04532	1.03693
		2697	2994	3026	2707	3426
OpenTuner   1.02703 1.01942 0.99126 1.02113 1.01846
		4018	3141	2909	3964	3521

----------------------------------------------------
cBench:
----------------------------------------------------
automotive_bitcount:
CompTuner	1.22814	1.28648	1.38253	1.3921	1.36145
		3763	4179	4642	4392	2995
RIO		1.12426	1.20146	1.37624	1.26653	1.28914
		4271	2976	3552	2397	4150
GA		1.19023	1.22458	1.24622	1.02632	1.2836
		3920	3238	3752	2692	4359
TPE		1.28642	1.29973	1.30742	1.36592	1.34138
		3452	3726	3615	4410	4015
BOCA		1.16803	1.29833	1.39732	1.35516	1.34623
		4031	5338	3952	4510	3615
OpenTuner   1.11654 1.19303 1.29864 1.23421 1.19842
		3967	5524	5913	4989	4302

automotive_susan_e:
CompTuner	1.28702	1.38253	1.42463	1.43324	1.36527
		4366	5840	4905	5105	3585
RIO		1.22762	1.31425	1.34292	1.33425	1.39625
		3795	4982	5331	4050	4519
GA		1.24221	1.29125	1.30145	1.32201	1.28745
		3263	4785	4268	3914	3235
TPE		1.27352	1.30524	1.33215	1.35291	1.32541
		4624	5725	4679	4235	3992
BOCA		1.28574	1.43261	1.49832	1.41505	1.40595
		4427	4239	4850	4632	5560
OpenTuner   1.25406 1.28413 1.43144 1.31529 1.29664
		3651	3989	4970	4162	4317

automotive_susan_c:
CompTuner	1.21696	1.27778	1.32722	1.30158	1.31524
		4862	5294	3907	3364	4150
RIO		1.09521	1.23627	1.25601	1.19205	1.29984
		5010	3764	4515	4102	3627
GA		1.19825	1.20129	1.22953	1.25532	1.23927
		5226	4783	4992	4342	4501
TPE		1.21024	1.23362	1.32759	1.33412	1.30558
		4139	4910	4527	3782	4951
BOCA		1.23307	1.33093	1.32231	1.29943	1.28752
		3992	4528	4382	4251	4412
OpenTuner   1.09692 1.21544 1.26074 1.15294 1.24652
		4012	5869	5724	4832	4970

automotive_susan_s:
CompTuner	1.03769	1.08662	1.11821	1.11354	1.09367
		2068	2669	3018	3312	2715
RIO		1.00724	1.10242	1.11925	1.08726	1.11295
		2898	4072	3976	3056	3612
GA		1.07224	1.09152	1.10427	1.08862	1.08957
		2912	3307	3974	3875	4151
TPE		1.04246	1.10592	1.14255	1.18725	1.11514
		2841	3549	2998	3052	3329
BOCA		1.03564	1.10658	1.12743	1.16528	1.10037
		2514	2302	3192	4152	3471
OpenTuner   1.03874 1.05624 1.22417 1.11395 1.14647
		3141	3679	4102	3857	3979

consumer_tiff2rgba:
CompTuner	1.01207	1.03116	1.03625	1.04552	1.02352
		4629	5925	5527	5872	4959
RIO		1.01027	1.01492	1.03024	1.01328	1.02059
		3670	5782	5143	4515	4262
GA		1.02392	1.02445	1.02824	1.02675	1.02592
		4102	6247	5028	5724	4993
TPE		1.01254	1.02359	1.02948	1.04535	1.03352
		4979	5326	6014	5992	4763
BOCA		1.01452	1.02756	1.03418	1.04451	1.03913
		4228	5015	5682	6009	5425

consumer_jpeg_c:
CompTuner	1.00675	1.01654	1.01762	1.02799	1.02535
		3642	4452	4869	4769	3782
RIO		0.99738	1.00024	1.00691	1.01353	1.01125
		4138	2698	5139	5009	4132
GA		1.00245	1.00692	1.01824	1.01142	1.01293
		3327	4128	3960	5513	4717
TPE		1.00272	1.00734	1.01293	1.02137	1.01936
		2969	4131	5272	4570	4668
BOCA		1.00875	1.00961	1.02515	1.02231	1.01882
		3862	3493	4027	5582	4317

office_rsynth:
CompTuner	1.41628	1.42362	1.45192	1.43652	1.43025
		3982	5884	5019	4982	4437
RIO		1.34273	1.40621	1.42139	1.45632	1.38762
		4472	6328	6698	4382	3927
GA		1.40264	1.42926	1.43661	1.42921	1.41925
		5281	6425	5663	5602	4992
TPE		1.39021	1.40274	1.45223	1.44783	1.43155
		4974	5932	4927	6128	5923
BOCA		1.38279	1.42623	1.44671	1.41667	1.43592
		4274	6169	5782	5271	4281

security_sha:
CompTuner	1.02065	1.02152	1.03671	1.03882	1.04774
		5015	5528	4892	4485	5173
RIO		1.01025	1.02341	1.02425	1.01672	1.03005
		4032	3915	5627	3995	6324
GA		1.01662	1.02263	1.02783	1.03157	1.02962
		4882	5973	6014	5882	6523
TPE		1.01926	1.02295	1.02314	1.02872	1.02593
		4695	4893	4426	4172	4962
BOCA		1.01135	1.02664	1.04075	1.03275	1.04106
		4721	4072	4285	3782	5782

bzip2e:
CompTuner	1.00984	1.01662	1.02034	1.01742	1.02258
		3227	3824	3628	3854	3102
RIO		1.00124	1.00795	1.01024	1.01543	1.01328
		4017	2628	4521	3993	2971
GA		1.00325	1.01023	1.01042	1.01176	1.01934
		2996	3423	3175	4042	4463
TPE		1.00724	1.01692	1.02315	1.01989	1.02033
		4342	4201	3785	4663	3989
BOCA		1.00892	1.01256	1.01525	1.02018	1.01782
		3715	3966	4237	4432	3380

telecom_adpcm_c:
CompTuner	1.00825	1.01137	1.01054	1.01535	1.00982
		2271	1996	2324	1762	2379
RIO		1.00725	1.01039	1.01124	1.01224	1.01368
		3059	2682	2971	2291	1893
GA		1.00325	1.00742	1.01025	1.01437	1.01682
		2017	2530	2283	1986	2665
TPE		1.00672	1.01056	1.01421	1.01315	1.01172
		2813	2597	2672	2098	2175
BOCA		1.00462	1.01124	1.01763	1.01158	1.01692
		2160	1728	1852	1664	2616


====================================================
LLVM
====================================================
PolyBench:
----------------------------------------------------
correlation:
CompTuner	1.03021	1.03492	1.04223	1.04015	1.03996
		2532	2261	2052	2737	1962
RIO		1.00875	1.01862	1.02157	1.0382	1.01992
		3104	1528	1876	3510	2874
GA		1.01467	1.01549	1.02074	1.03375	1.02148
		2105	2762	1936	3358	2175
TPE		1.02094	1.03019	1.03726	1.03982	1.02664
		2341	2786	2565	2472	2189
BOCA		1.02238	1.02784	1.04245	1.03885	1.03059
		2230	2198	2892	2664	2481

covariane:
CompTuner	1.01042	1.02361	1.02512	1.01875	1.02217
		2159	2674	2439	2379	1885
RIO		1.01421	1.02653	1.02749	1.02313	1.01629
		3015	3792	2271	3132	2657
GA		1.00829	1.01074	1.02472	1.02072	1.01749
		1982	2354	2106	2557	2064
TPE		1.01175	1.02053	1.02473	1.01954	1.02381
		2053	2895	2984	2392	2442
BOCA		1.02392	1.02604	1.03021	1.01554	1.02327
		2432	2032	2189	1974	2351

symm:
CompTuner	1.03558	1.03658	1.04055	1.04372	1.03874
		1660	1495	2182	2546	1859
RIO		1.00872	1.01336	1.02624	1.03775	1.02886
		989	2018	1324	2989	2438
GA		1.03429	1.03792	1.04115	1.03362	1.03841
		1925	2984	2267	3019	2852
TPE		1.02521	1.03329	1.06352	1.04725	1.04052
		1952	1974	2379	3295	2772
BOCA		1.03392	1.03729	1.04321	1.04192	1.04483
		1983	1627	2074	2848	2519

2mm:
CompTuner	1.05124	1.05395	1.07764	1.07859	1.06427
		2973	3213	3085	3568	3151
RIO		1.00856	1.0362	1.04013	1.04415	1.02392
		4019	1892	3364	2794	2432
GA		1.04995	1.05281	1.0537	1.05375	1.05662
		2716	2584	3298	4152	3996
TPE		1.03391	1.05425	1.07924	1.06747	1.05915
		3625	3988	4673	4475	4314
BOCA		1.04263	1.04586	1.07726	1.05535	1.06072
		3105	2863	3562	3910	2859

3mm:
CompTuner	1.05045	1.05992	1.06594	1.06642	1.05873
		3085	3462	2994	2897	2942
RIO		1.00925	1.03926	1.04561	1.02575	1.03412
		3652	2269	3174	3052	2995
GA		1.02287	1.03295	1.03938	1.03668	1.04752
		2862	3874	3326	3451	3583
TPE		1.02631	1.05002	1.05429	1.05974	1.06002
		3182	3097	3545	4336	3973
BOCA		1.04739	1.05993	1.06435	1.06252	1.06374
		3652	3894	3429	3525	4137

cholesky:
CompTuner	1.00813	1.01031	1.01347	1.01277	1.01296
		5874	5982	5963	5275	5513
RIO		1.00562	1.01463	1.01572	1.01032	1.01683
		4013	7762	6124	4831	5952
GA		0.96723	1.00058	1.00239	1.00975	1.01366
		4528	5219	4982	5359	5860
TPE		1.00572	1.00825	1.01024	1.01175	1.01335
		5128	5786	6492	6137	6528
BOCA		1.00953	1.01329	1.01521	1.01459	1.01162
		5120	5428	5732	5647	5792

lu:
CompTuner	1.00974	1.02043	1.02391	1.02215	1.02316
		4982	5994	5728	5826	5669
RIO		1.00272	1.01075	1.04071	1.01735	1.02334
		3692	5271	4419	4733	6129
GA		1.00025	1.00136	1.00218	1.01359	1.01668
		3982	4920	4892	5007	5893
TPE		1.00572	1.01037	1.01263	1.01995	1.01347
		4150	4997	5202	4793	4275
BOCA		1.00625	1.01842	1.01682	1.02414	1.02182
		4128	5301	4952	6127	6623

nussinov:
CompTuner	1.10034	1.10797	1.11642	1.09352	1.09985
		2986	3480	3625	3548	3362
RIO		1.01674	1.01825	1.03052	1.04875	1.02394
		2157	4413	2628	4682	3158
GA		1.00874	1.02417	1.04294	1.06289	1.04482
		3017	2869	3512	4762	3669
TPE		1.07692	1.09935	1.10556	1.1174	1.08582
		3314	3052	2796	2983	3122
BOCA		1.09675	1.10582	1.12439	1.12102	1.09338
		3013	2796	3824	4437	2965

heat-3d:
CompTuner	1.00825	1.00939	1.01442	1.01252	1.01239
		2863	2549	2230	2632	2920
RIO		1.00648	1.00941	1.01267	1.02246	1.01036
		1983	4120	3519	2892	3359
GA		1.00052	1.00065	1.00823	1.01132	1.00815
		2982	3854	3075	3314	3628
TPE		1.00948	1.00992	1.01031	1.01136	1.00942
		3052	3427	3519	2591	3015
BOCA		1.00964	1.0109	1.01526	1.01264	1.01137
		2428	2136	2152	2773	3282

jacobi-2d:
CompTuner	1.02794	1.03054	1.03692	1.03552	1.03915
		3122	2653	2874	2665	3013
RIO		1.00836	1.01245	1.01662	1.02752	1.02246
		1682	2905	2154	1982	2547
GA		1.02015	1.02614	1.03601	1.02996	1.03152
		2726	4525	3627	3979	4112
TPE		1.02375	1.0365	1.03872	1.03629	1.03775
		2975	2194	3135	3382	3872
BOCA		1.01748	1.03085	1.03926	1.03445	1.03882
		2685	2976	2610	3152	3664


----------------------------------------------------
cBench:
----------------------------------------------------
automotive_bitcount:
CompTuner	1.02179	1.02264	1.03021	1.02873	1.02665
		3015	2819	3327	3512	2919
RIO		1.00845	1.01733	1.01852	1.01562	1.02013
		2193	3368	1956	3668	2662
GA		1.01486	1.02014	1.02312	1.02394	1.01982
		2793	2435	2884	3650	3559
TPE		1.01312	1.02075	1.02254	1.02392	1.02388
		3527	3032	3419	3872	3361
BOCA		1.01662	1.01925	1.02471	1.02515	1.02543
		2862	3475	3198	3728	3865

automotive_susan_e:
CompTuner	1.04215	1.04241	1.06946	1.06437	1.05572
		3783	4766	4126	3860	3145
RIO		1.01583	1.03226	1.03728	1.05132	1.02674
		2852	5105	3869	4432	2872
GA		1.03826	1.04647	1.06919	1.06345	1.03724
		3782	5629	4362	4627	4187
TPE		1.02217	1.04053	1.05031	1.0563	1.04483
		3505	3102	4097	3962	3784
BOCA		1.04349	1.04475	1.0621	1.06176	1.05271
		3597	3882	3920	4139	3686

automotive_susan_c:
CompTuner	1.16695	1.17492	1.20391	1.18538	1.20075
		2935	2719	3294	2693	3385
RIO		1.15539	1.17573	1.17664	1.14353	1.16879
		2058	4379	2962	2175	4592
GA		1.1435	1.16595	1.17261	1.18834	1.17226
		2375	2260	3102	3864	4601
TPE		1.16417	1.1776	1.19725	1.18329	1.18909
		3694	3572	3894	3327	3894
BOCA		1.17002	1.17926	1.20965	1.19273	1.19936
		2765	2531	3362	3482	3757

automotive_susan_s:
CompTuner	1.08571	1.09642	1.09961	1.10597	1.07438
		3415	2763	2965	3019	3324
RIO		1.03297	1.06229	1.09153	1.04457	1.06836
		2074	3628	3151	2981	4052
GA		1.07019	1.09691	1.09926	1.08774	1.06323
		2659	3129	3642	3416	4571
TPE		1.07742	1.08592	1.09246	1.09965	1.07174
		3102	2910	3426	4102	3759
BOCA		1.07362	1.09746	1.09894	1.11629	1.05374
		2982	3679	3218	3992	3121

consumer_tiff2rgba:
CompTuner	1.01549	1.01617	1.01932	1.0198	1.02318
		4872	5172	5524	4963	4650
RIO		1.01236	1.01405	1.01809	1.01337	1.01256
		3670	6125	4934	3210	3457
GA		1.01452	1.01593	1.01954	1.01743	1.01862
		3219	4129	3057	4238	5152
TPE		1.01549	1.01692	1.01778	1.01836	1.01751
		5202	4297	4973	5534	4627
BOCA		1.00968	1.01073	1.01624	1.02103	1.01834
		4913	4884	5635	5493	4858

consumer_jpeg_c:
CompTuner	1.07523	1.09042	1.09265	1.08952	1.09953
		3242	4638	4170	3913	4252
RIO		1.03792	1.07016	1.07965	1.06642	1.07327
		2642	6103	4427	4279	4313
GA		1.02254	1.06539	1.08206	1.07592	1.07768
		2958	3149	3052	4388	3951
TPE		1.06623	1.09271	1.10193	1.09654	1.09232
		3674	4160	4535	4253	5488
BOCA		1.08269	1.09095	1.09374	1.07989	1.09538
		3828	5192	5598	4294	3879

office_rsynth:
CompTuner	1.00262	1.01703	1.02549	1.01826	1.02075
		1782	2663	2749	2545	3252
RIO		0.99742	1.00526	1.02061	1.01392	1.01983
		2510	1206	1934	3129	4385
GA		1.01042	1.01337	1.02418	1.02452	1.01729
		1559	1827	2982	3368	3862
TPE		1.01203	1.01745	1.02514	1.02283	1.01948
		2694	3792	3889	3952	2965
BOCA		1.00924	1.01362	1.02917	1.02627	1.01754
		1975	2432	2597	3157	2704

security_sha:
CompTuner	1.01167	1.01862	1.02036	1.01951	1.02974
		3315	3927	3998	4252	4678
RIO		1.00297	1.01454	1.02315	1.01079	1.01195
		4512	2874	4872	3595	3172
GA		1.01536	1.01672	1.01793	1.01658	1.01882
		2986	4259	4013	4493	5512
TPE		1.01026	1.01257	1.01974	1.01426	1.01775
		3179	4052	3548	3981	4323
BOCA		1.01824	1.01824	1.03261	1.01849	1.02751
		3526	3064	2892	4669	4836

bzip2e:
CompTuner	1.02877	1.03365	1.03624	1.03065	1.03472
		3659	3419	3557	2982	3681
RIO		1.01548	1.03728	1.0384	1.02995	1.03263
		4485	5076	3913	4651	4177
GA		1.02356	1.04137	1.04439	1.03552	1.04019
		3135	4658	3721	3679	4317
TPE		1.01946	1.03075	1.03852	1.03782	1.03554
		3482	3197	3659	4346	3958
BOCA		1.01907	1.03373	1.03529	1.03495	1.03784
		4102	3910	3995	3872	4815

telecom_adpcm_c:
CompTuner	1.33265	1.36143	1.36072	1.35724	1.34925
		2267	2976	2758	3874	3916
RIO		1.32915	1.35086	1.37102	1.31357	1.28691
		1698	3562	3724	2486	3126
GA		1.29037	1.34992	1.35631	1.33672	1.34598
		2615	1746	1882	4728	4697
TPE		1.32017	1.34765	1.37063	1.35129	1.33796
		2673	3194	2159	2994	3234
BOCA		1.35701	1.35984	1.37246	1.34248	1.35762
		2431	2548	2352	3915	4832