Results for compiler auto-tuning. 
====================================================
GCC
====================================================
correlation:
-——————————————Speedup-——————————————
CompTuner 1.039(1572) 1.052(1901) 1.051(1923) 1.044(1782) 1.048(1805)
RIO	1.013(1756)	1.022(1798) 1.031(1717)	1.026(1921) 1.026(1425)
GA 	1.021(1680) 1.034(1949) 1.032(1928) 1.029(1851) 1.028(1792)
TPE	1.028(1783) 1.030(1832) 1.040(1994) 1.040(1923) 1.035(1862)
BOCA 1.029(1693) 1.037(1994) 1.039(1957) 1.034(1835) 1.042(1964)
OpenTuner 0.963(1847) 0.982(1632) 0.977(1759) 0.974(1877) 0.986(1846)

covariane:
-——————————————Speedup-——————————————
CompTuner 1.042(1485) 1.041(1442) 1.047(1662) 1.039(1530) 1.047(1683)
RIO	1.008(1673) 1.017(1545) 1.013(1684) 1.021(1824)	1.023(1929)
GA	1.024(1793) 1.022(1651) 1.038(1946) 1.026(1805) 1.025(1817)
TPE	1.030(1581) 1.027(1554)	1.039(1789) 1.034(1713) 1.029(1620)
BOCA 1.039(1612) 1.042(1694) 1.049(1780) 1.044(1689) 1.037(1572)
OpenTuner 0.975(1322) 0.992(1620) 1.017(1867) 1.007(1715) 1.015(1830)

symm:
-——————————————Speedup-——————————————
CompTuner 1.038(1772) 1.043(1931) 1.041(1825) 1.044(1989) 1.040(1857)
RIO	1.013(1826) 1.022(1972) 1.024(1768) 1.016(1752) 1.011(1468)
GA	1.024(1662) 1.033(1759) 1.041(1858) 1.028(1703) 1.035(1834)
TPE	1.021(1574) 1.030(1603)	1.029(1595) 1.031(1972)	1.028(1503)
BOCA 1.027(1435) 1.031(1490) 1.046(1532) 1.049(1662) 1.050(1819)
OpenTuner 1.008(1672) 0.982(1484) 1.010(1913) 1.024(1996) 1.019(1875)

automotive_bitcount:
-——————————————Speedup-——————————————
CompTuner 1.220(1782) 1.209(1443) 1.215(1520) 1.218(1759) 1.223(1946)
RIO	1.095(1793) 1.117(1848) 1.083(1525) 1.107(1759) 1.087(1630)	
GA	1.142(1859) 1.163(1903)	1.098(1731) 1.094(1649)	1.192(1938)
TPE	1.182(1452) 1.169(1371) 1.240(1637)	1.243(1782) 1.194(1602)
BOCA 1.205(1323) 1.234(1497) 1.264(1482) 1.271(1659) 1.185(1431)
OpenTuner 1.017(1684) 1.103(1898) 1.099(1772) 1.112(1930) 1.185(1976)

automotive_susan_e:
-——————————————Speedup-——————————————
CompTuner 1.192(1185) 1.199(1463) 1.197(1394) 1.203(1568) 1.194(1309)
RIO	1.082(1673) 1.110(1885) 1.197(1215)	1.108(1496) 1.096(1762)	
GA	1.071(1546) 1.082(1967)	1.157(1993) 1.153(1865)	1.099(1676)
TPE	1.073(1394) 1.110(1470)	1.199(1558)	1.126(1503) 1.097(1356)
BOCA 1.185(1457) 1.191(1630) 1.135(1362) 1.173(1398) 1.169(1320)
OpenTuner 1.011(1672) 1.032(1774) 1.008(1535) 1.027(1703) 1.105(1920)

automotive_susan_c:
-——————————————Speedup-——————————————
CompTuner 1.254(1784) 1.266(1898) 1.263(1882) 1.268(1956) 1.259(1802)	
RIO	1.032(1531) 1.144(1382)	1.160(1664) 1.152(1973)	1.078(1469)
GA	1.099(1654) 1.171(1762)	1.195(1920) 1.155(1638)	1.209(1947)
TPE	1.110(1326) 1.133(1581) 1.280(1904) 1.194(1599) 1.205(1848)
BOCA 1.173(1524) 1.183(1638) 1.276(1964) 1.219(1899) 1.242(1935)
OpenTuner 1.074(1728) 1.009(1652) 1.101(1858) 1.098(1802) 1.134(1957)

====================================================
LLVM
====================================================
correlation:
-——————————————Speedup-——————————————
CompTuner 1.036(1646) 1.035(1609) 1.038(1725) 1.043(1788) 1.038(1762)	
RIO				
GA		
TPE	
BOCA		
OpenTuner

covariane:
-——————————————Speedup-——————————————
CompTuner 1.017(1428) 1.024(1673) 1.022(1554) 1.021(1587) 1.019(1428)
RIO				
GA		1.024(1824)
TPE	    1.040(1998)
BOCA	1.023(1794)	
OpenTuner

symm:
-——————————————Speedup-——————————————
CompTuner 1.032(1321) 1.036(1448) 1.037(1475) 1.039(1617) 1.034(1407)
RIO			1.038(1926)	
GA		
TPE	 1.037(1216)
BOCA		
OpenTuner

automotive_bitcount:
-——————————————Speedup-——————————————
CompTuner 1.019(1571) 1.022(1736) 1.020(1632) 1.025(1820) 1.017(1502)
RIO				
GA		1.021(1849)
TPE	
BOCA		1.022(1962)	
OpenTuner

automotive_susan_e:
-——————————————Speedup-——————————————
CompTuner 1.044(1905) 1.043(1782) 1.046(1913) 1.047(1962) 1.041(1715)
RIO				
GA		
TPE	
BOCA	 1.052(1565)
OpenTuner 1.046(1924)

automotive_susan_c:
-——————————————Speedup-——————————————
CompTuner 1.098(1750) 1.109(1829) 1.103(1844) 1.110(1793) 1.102(1810)
RIO				
GA		
TPE	
BOCA		
OpenTuner