Results for compiler auto-tuning. 
====================================================
GCC
====================================================
correlation:
-——————————————Speedup-——————————————
CompTuner:[1.019(4916), 1.014(4517), 1.013(4123)]
BOCA:[1.008(5373), 1.010(4988), 1.013(5957)]

covariane:
-——————————————Speedup-——————————————
CompTuner:[1.024(4297), 1.028(5262), 1.023(4535)]
BOCA:[1.018(4692), 1.020(5535), 1.017(4830)]

symm:
-——————————————Speedup-——————————————
CompTuner:[1.012(4724), 1.008(3884), 1.006(3253)]
BOCA:[1.010(4114), 1.014(5105), 1.016(4452)]

automotive_bitcount:
-——————————————Speedup-——————————————
CompTuner:[1.109(5149), 1.122(5753), 1.124(5458)]
BOCA:[1.129(5919), 1.126(6814), 1.133(5968)]

automotive_susan_e:
-——————————————Speedup-——————————————
CompTuner:[1.089(4537), 1.095(4031), 1.092(3869)]
BOCA:[1.047(4619), 1.072(4327), 1.068(4953)]

automotive_susan_c:
-——————————————Speedup-——————————————
CompTuner:[1.145(3127), 1.169(3983), 1.171(4262)]
BOCA:[1.166(3665), 1.174(3372), 1.177(4198)]


====================================================
LLVM
====================================================
correlation:
-——————————————Speedup-——————————————
CompTuner:[1.017(3291), 1.021(4362), 1.015(3363)]
BOCA:[1.012(4428), 1.018(5105), 1.013(4158)]


covariane:
-——————————————Speedup-——————————————
CompTuner:[1.010(4382), 1.003(3527), 1.007(3694)]
BOCA:[1.006(4578), 1.016(4107), 1.013(5174)]


symm:
-——————————————Speedup-——————————————
CompTuner:[1.019(3151), 1.032(3380), 1.034(3764)]
BOCA:[1.013(3473), 1.018(3758), 1.016(3996)]


automotive_bitcount:
-——————————————Speedup-——————————————
CompTuner:[1.029(4967), 1.025(4171), 1.022(3968)]
BOCA:[1.017(5154), 1.020(5576), 1.018(5058)]


automotive_susan_e:
-——————————————Speedup-——————————————
CompTuner:[1.032(4671), 1.041(5514), 1.043(5866)]
BOCA:[1.021(4892), 1.026(5413), 1.022(4861)]


automotive_susan_c:
-——————————————Speedup-——————————————
CompTuner:[1.088(4129), 1.096(4793), 1.091(4557)]
BOCA:[1.112(4438), 1.114(4623), 1.092(4137)]
